NUMBER PUSH GENERATION DIAGNOSTICS
Levels: 10-10
Seed: 12345

========================================
LEVEL 10 DIAGNOSTICS
Target pushes: 9-20
Final board: 12x14

CANDIDATES
Total attempts: 2697
Wall generation failures: 2
Solver calls: 2695
Pre-solver rejected: 0
Pre-solver no reachable goals: 0
Pre-solver failed crate distance 1: 0
Pre-solver failed crate distance 2: 0
Pre-solver failed crate distance 3: 0
Pre-solver failed crate distance 4+: 0
Pre-solver no distinct goal matching: 0
Unsolvable: 2694
  States explored: 329735
  Zero-legal-push states: 14808
  Maximum legal pushes: 8
  Duplicate states: 209330
Below target: 0
Above target: 0
Accepted: 1

SOLUTION
Minimum pushes: 36
Crates moved: 4
Crate push order changes: 3
Maximum consecutive pushes: 13

Crate 1:
  Pushes: 9
  First push: 1
  Last push: 9

Crate 2:
  Pushes: 8
  First push: 10
  Last push: 17

Crate 3:
  Pushes: 6
  First push: 18
  Last push: 23

Crate 4:
  Pushes: 13
  First push: 24
  Last push: 36

CRATE GEOMETRY
Crate 1: start (9,4), distance 1, reachable goals 4
  Reachable positions: 89
    (1,1) (2,1) (4,1) (6,1) (7,1) (8,1) (9,1) (10,1) (11,1) (1,2) (2,2) (4,2) (6,2) (7,2) (10,2)
    (9,1) (10,1) (11,1) (1,2) (2,2) (4,2) (6,2) (7,2) (10,2) (11,2) (12,2) (1,3) (2,3) (3,3) (4,3)
    (6,2) (7,2) (10,2) (11,2) (12,2) (1,3) (2,3) (3,3) (4,3) (5,3) (6,3) (9,3) (10,3) (12,3) (1,4)
    (2,3) (3,3) (4,3) (5,3) (6,3) (9,3) (10,3) (12,3) (1,4) (2,4) (3,4) (4,4) (5,4) (6,4) (7,4)
    (10,3) (12,3) (1,4) (2,4) (3,4) (4,4) (5,4) (6,4) (7,4) (8,4) (10,4) (11,4) (12,4) (1,5) (2,5)
    (5,4) (6,4) (7,4) (8,4) (10,4) (11,4) (12,4) (1,5) (2,5) (4,5) (8,5) (9,5) (10,5) (12,5) (2,6)
    (12,4) (1,5) (2,5) (4,5) (8,5) (9,5) (10,5) (12,5) (2,6) (3,6) (4,6) (5,6) (6,6) (7,6) (8,6)
    (10,5) (12,5) (2,6) (3,6) (4,6) (5,6) (6,6) (7,6) (8,6) (10,6) (11,6) (1,7) (2,7) (3,7) (5,7)
    (6,6) (7,6) (8,6) (10,6) (11,6) (1,7) (2,7) (3,7) (5,7) (6,7) (8,7) (10,7) (12,7) (1,8) (2,8)
    (2,7) (3,7) (5,7) (6,7) (8,7) (10,7) (12,7) (1,8) (2,8) (3,8) (4,8) (5,8) (8,8) (9,8) (10,8)
    (12,7) (1,8) (2,8) (3,8) (4,8) (5,8) (8,8) (9,8) (10,8) (11,8) (12,8) (1,9) (2,9) (3,9) (4,9)
    (8,8) (9,8) (10,8) (11,8) (12,8) (1,9) (2,9) (3,9) (4,9) (5,9) (6,9) (7,9) (8,9) (9,9) (10,9)
    (2,9) (3,9) (4,9) (5,9) (6,9) (7,9) (8,9) (9,9) (10,9) (3,10) (5,10) (6,10) (7,10) (8,10) (10,10)
    (8,9) (9,9) (10,9) (3,10) (5,10) (6,10) (7,10) (8,10) (10,10) (11,10) (12,10)
    (7,10) (8,10) (10,10) (11,10) (12,10)
  Goal: (9,1), minimum pushes 5
  Goal: (4,2), minimum pushes 7
  Goal: (3,10), minimum pushes 12
  Goal: (10,10), minimum pushes 7
Crate 2: start (2,3), distance 1, reachable goals 4
  Reachable positions: 89
    (1,1) (2,1) (4,1) (6,1) (7,1) (8,1) (9,1) (10,1) (11,1) (1,2) (2,2) (4,2) (6,2) (7,2) (10,2)
    (9,1) (10,1) (11,1) (1,2) (2,2) (4,2) (6,2) (7,2) (10,2) (11,2) (12,2) (1,3) (3,3) (4,3) (5,3)
    (6,2) (7,2) (10,2) (11,2) (12,2) (1,3) (3,3) (4,3) (5,3) (6,3) (9,3) (10,3) (12,3) (1,4) (2,4)
    (3,3) (4,3) (5,3) (6,3) (9,3) (10,3) (12,3) (1,4) (2,4) (3,4) (4,4) (5,4) (6,4) (7,4) (8,4)
    (12,3) (1,4) (2,4) (3,4) (4,4) (5,4) (6,4) (7,4) (8,4) (9,4) (10,4) (11,4) (12,4) (1,5) (2,5)
    (6,4) (7,4) (8,4) (9,4) (10,4) (11,4) (12,4) (1,5) (2,5) (4,5) (8,5) (9,5) (10,5) (12,5) (2,6)
    (12,4) (1,5) (2,5) (4,5) (8,5) (9,5) (10,5) (12,5) (2,6) (3,6) (4,6) (5,6) (6,6) (7,6) (8,6)
    (10,5) (12,5) (2,6) (3,6) (4,6) (5,6) (6,6) (7,6) (8,6) (10,6) (11,6) (1,7) (2,7) (3,7) (5,7)
    (6,6) (7,6) (8,6) (10,6) (11,6) (1,7) (2,7) (3,7) (5,7) (6,7) (8,7) (10,7) (12,7) (1,8) (2,8)
    (2,7) (3,7) (5,7) (6,7) (8,7) (10,7) (12,7) (1,8) (2,8) (3,8) (4,8) (5,8) (8,8) (9,8) (10,8)
    (12,7) (1,8) (2,8) (3,8) (4,8) (5,8) (8,8) (9,8) (10,8) (11,8) (12,8) (1,9) (2,9) (3,9) (4,9)
    (8,8) (9,8) (10,8) (11,8) (12,8) (1,9) (2,9) (3,9) (4,9) (5,9) (6,9) (7,9) (8,9) (9,9) (10,9)
    (2,9) (3,9) (4,9) (5,9) (6,9) (7,9) (8,9) (9,9) (10,9) (3,10) (5,10) (6,10) (7,10) (8,10) (10,10)
    (8,9) (9,9) (10,9) (3,10) (5,10) (6,10) (7,10) (8,10) (10,10) (11,10) (12,10)
    (7,10) (8,10) (10,10) (11,10) (12,10)
  Goal: (9,1), minimum pushes 9
  Goal: (4,2), minimum pushes 3
  Goal: (3,10), minimum pushes 8
  Goal: (10,10), minimum pushes 15
Crate 3: start (10,4), distance 1, reachable goals 4
  Reachable positions: 89
    (1,1) (2,1) (4,1) (6,1) (7,1) (8,1) (9,1) (10,1) (11,1) (1,2) (2,2) (4,2) (6,2) (7,2) (10,2)
    (9,1) (10,1) (11,1) (1,2) (2,2) (4,2) (6,2) (7,2) (10,2) (11,2) (12,2) (1,3) (2,3) (3,3) (4,3)
    (6,2) (7,2) (10,2) (11,2) (12,2) (1,3) (2,3) (3,3) (4,3) (5,3) (6,3) (9,3) (10,3) (12,3) (1,4)
    (2,3) (3,3) (4,3) (5,3) (6,3) (9,3) (10,3) (12,3) (1,4) (2,4) (3,4) (4,4) (5,4) (6,4) (7,4)
    (10,3) (12,3) (1,4) (2,4) (3,4) (4,4) (5,4) (6,4) (7,4) (8,4) (9,4) (11,4) (12,4) (1,5) (2,5)
    (5,4) (6,4) (7,4) (8,4) (9,4) (11,4) (12,4) (1,5) (2,5) (4,5) (8,5) (9,5) (10,5) (12,5) (2,6)
    (12,4) (1,5) (2,5) (4,5) (8,5) (9,5) (10,5) (12,5) (2,6) (3,6) (4,6) (5,6) (6,6) (7,6) (8,6)
    (10,5) (12,5) (2,6) (3,6) (4,6) (5,6) (6,6) (7,6) (8,6) (10,6) (11,6) (1,7) (2,7) (3,7) (5,7)
    (6,6) (7,6) (8,6) (10,6) (11,6) (1,7) (2,7) (3,7) (5,7) (6,7) (8,7) (10,7) (12,7) (1,8) (2,8)
    (2,7) (3,7) (5,7) (6,7) (8,7) (10,7) (12,7) (1,8) (2,8) (3,8) (4,8) (5,8) (8,8) (9,8) (10,8)
    (12,7) (1,8) (2,8) (3,8) (4,8) (5,8) (8,8) (9,8) (10,8) (11,8) (12,8) (1,9) (2,9) (3,9) (4,9)
    (8,8) (9,8) (10,8) (11,8) (12,8) (1,9) (2,9) (3,9) (4,9) (5,9) (6,9) (7,9) (8,9) (9,9) (10,9)
    (2,9) (3,9) (4,9) (5,9) (6,9) (7,9) (8,9) (9,9) (10,9) (3,10) (5,10) (6,10) (7,10) (8,10) (10,10)
    (8,9) (9,9) (10,9) (3,10) (5,10) (6,10) (7,10) (8,10) (10,10) (11,10) (12,10)
    (7,10) (8,10) (10,10) (11,10) (12,10)
  Goal: (9,1), minimum pushes 4
  Goal: (4,2), minimum pushes 8
  Goal: (3,10), minimum pushes 13
  Goal: (10,10), minimum pushes 6
Crate 4: start (8,9), distance 1, reachable goals 4
  Reachable positions: 89
    (1,1) (2,1) (4,1) (6,1) (7,1) (8,1) (9,1) (10,1) (11,1) (1,2) (2,2) (4,2) (6,2) (7,2) (10,2)
    (9,1) (10,1) (11,1) (1,2) (2,2) (4,2) (6,2) (7,2) (10,2) (11,2) (12,2) (1,3) (2,3) (3,3) (4,3)
    (6,2) (7,2) (10,2) (11,2) (12,2) (1,3) (2,3) (3,3) (4,3) (5,3) (6,3) (9,3) (10,3) (12,3) (1,4)
    (2,3) (3,3) (4,3) (5,3) (6,3) (9,3) (10,3) (12,3) (1,4) (2,4) (3,4) (4,4) (5,4) (6,4) (7,4)
    (10,3) (12,3) (1,4) (2,4) (3,4) (4,4) (5,4) (6,4) (7,4) (8,4) (9,4) (10,4) (11,4) (12,4) (1,5)
    (5,4) (6,4) (7,4) (8,4) (9,4) (10,4) (11,4) (12,4) (1,5) (2,5) (4,5) (8,5) (9,5) (10,5) (12,5)
    (11,4) (12,4) (1,5) (2,5) (4,5) (8,5) (9,5) (10,5) (12,5) (2,6) (3,6) (4,6) (5,6) (6,6) (7,6)
    (9,5) (10,5) (12,5) (2,6) (3,6) (4,6) (5,6) (6,6) (7,6) (8,6) (10,6) (11,6) (1,7) (2,7) (3,7)
    (5,6) (6,6) (7,6) (8,6) (10,6) (11,6) (1,7) (2,7) (3,7) (5,7) (6,7) (8,7) (10,7) (12,7) (1,8)
    (1,7) (2,7) (3,7) (5,7) (6,7) (8,7) (10,7) (12,7) (1,8) (2,8) (3,8) (4,8) (5,8) (8,8) (9,8)
    (10,7) (12,7) (1,8) (2,8) (3,8) (4,8) (5,8) (8,8) (9,8) (10,8) (11,8) (12,8) (1,9) (2,9) (3,9)
    (5,8) (8,8) (9,8) (10,8) (11,8) (12,8) (1,9) (2,9) (3,9) (4,9) (5,9) (6,9) (7,9) (9,9) (10,9)
    (1,9) (2,9) (3,9) (4,9) (5,9) (6,9) (7,9) (9,9) (10,9) (3,10) (5,10) (6,10) (7,10) (8,10) (10,10)
    (7,9) (9,9) (10,9) (3,10) (5,10) (6,10) (7,10) (8,10) (10,10) (11,10) (12,10)
    (7,10) (8,10) (10,10) (11,10) (12,10)
  Goal: (9,1), minimum pushes 11
  Goal: (4,2), minimum pushes 11
  Goal: (3,10), minimum pushes 6
  Goal: (10,10), minimum pushes 3

GOALS
Crate 1 goal: (4,2)
Crate 2 goal: (3,10)
Crate 3 goal: (10,10)
Crate 4 goal: (9,1)

SOLUTION OPPORTUNITIES
Opportunity pairs: 1
Opportunity blocks: 2

SOLUTION PLAYER ACCESS BLOCKS
Player access block pairs: 1
Player access block moves: 1
Crate 3 blocks player access to: 1

REQUIRED SOLUTION DEPENDENCIES
Required dependency pairs: 0
Required dependency blocks: 0
Crate 1 opens opportunities for: 3

SOLUTION PUSH SEQUENCE
Push 1: Crate 1 {X=9,Y=4} -> {X=9,Y=5}
Push 2: Crate 1 {X=9,Y=5} -> {X=8,Y=5}
Push 3: Crate 1 {X=8,Y=5} -> {X=8,Y=4}
Push 4: Crate 1 {X=8,Y=4} -> {X=7,Y=4}
Push 5: Crate 1 {X=7,Y=4} -> {X=6,Y=4}
Push 6: Crate 1 {X=6,Y=4} -> {X=5,Y=4}
Push 7: Crate 1 {X=5,Y=4} -> {X=4,Y=4}
Push 8: Crate 1 {X=4,Y=4} -> {X=4,Y=3}
Push 9: Crate 1 {X=4,Y=3} -> {X=4,Y=2}
Push 10: Crate 2 {X=2,Y=3} -> {X=2,Y=4}
Push 11: Crate 2 {X=2,Y=4} -> {X=2,Y=5}
Push 12: Crate 2 {X=2,Y=5} -> {X=2,Y=6}
Push 13: Crate 2 {X=2,Y=6} -> {X=2,Y=7}
Push 14: Crate 2 {X=2,Y=7} -> {X=2,Y=8}
Push 15: Crate 2 {X=2,Y=8} -> {X=2,Y=9}
Push 16: Crate 2 {X=2,Y=9} -> {X=3,Y=9}
Push 17: Crate 2 {X=3,Y=9} -> {X=3,Y=10}
Push 18: Crate 3 {X=10,Y=4} -> {X=10,Y=5}
Push 19: Crate 3 {X=10,Y=5} -> {X=10,Y=6}
Push 20: Crate 3 {X=10,Y=6} -> {X=10,Y=7}
Push 21: Crate 3 {X=10,Y=7} -> {X=10,Y=8}
Push 22: Crate 3 {X=10,Y=8} -> {X=10,Y=9}
Push 23: Crate 3 {X=10,Y=9} -> {X=10,Y=10}
Push 24: Crate 4 {X=8,Y=9} -> {X=8,Y=8}
Push 25: Crate 4 {X=8,Y=8} -> {X=8,Y=7}
Push 26: Crate 4 {X=8,Y=7} -> {X=8,Y=6}
Push 27: Crate 4 {X=8,Y=6} -> {X=8,Y=5}
Push 28: Crate 4 {X=8,Y=5} -> {X=8,Y=4}
Push 29: Crate 4 {X=8,Y=4} -> {X=9,Y=4}
Push 30: Crate 4 {X=9,Y=4} -> {X=9,Y=5}
Push 31: Crate 4 {X=9,Y=5} -> {X=10,Y=5}
Push 32: Crate 4 {X=10,Y=5} -> {X=10,Y=4}
Push 33: Crate 4 {X=10,Y=4} -> {X=10,Y=3}
Push 34: Crate 4 {X=10,Y=3} -> {X=10,Y=2}
Push 35: Crate 4 {X=10,Y=2} -> {X=10,Y=1}
Push 36: Crate 4 {X=10,Y=1} -> {X=9,Y=1}

TIMING
Candidate generation: 111126 ms
Solver: 5538 ms
Average solver call: 2.05 ms
Total time: 00:02:00Crate interaction pairs: 1
Crate interaction blocks: 2


========================================
TOTAL CREATION TIME: 00:02:00
START TIME:          2026-09-18 02:40:01 PM
========================================
